Race/Ethnic Group	1850	1860	1870	1880	1890	1900	1910	1920
Total Population	23,191,876	31,443,321	38,558,371	50,155,783	62,947,714	75,994,575	91,972,266	105,710,620
White	19,553,068	26,922,537	33,589,377	43,402,970	55,101,258	66,809,196	81,731,957	94,820,915
Black	3,638,808	4,441,830	4,880,009	6,580,793	7,488,676	8,833,994	9,827,763	10,463,131
American Indian, Eskimo, and Aleut		44,021	25,731	66,407	248,253	237,196	265,683	244,437
Asian and Pacific Islander		34,933	63,254	105,613	109,527	114,189	146,863	182,137
Hispanic (of any race)	116,943	155,000 		393,555		503,189	797,994	1,286,154
Non-Hispanic White	19,438,451			43,065,679		66,374,317	81,043,248	93,604,612

Race/Ethnic Group	1930	1940	1950	1960	1970	1980	1990	2000	2010
Total Population	122,775,046	131,669,275	150,697,361	179,323,175	203,210,158	226,545,805	248,709,873	281,421,906	308,745,538
White	110,286,740	118,214,870	134,942,028	158,831,732	178,119,221	188,371,622	199,686,070	211,460,626	223,553,265
Black	11,891,143	12,865,518	15,042,286	18,871,831	22,539,362	26,495,025	29,986,060	34,658,190	38,929,319
American Indian, Eskimo, and Aleut	332,397	333,969	343,410	551,669	795,110	1,420,400	1,959,234	2,475,956	2,932,248
Asian and Pacific Islander	264,766	254,918	321,033	980,337	1,526,401	3,500,439	7,273,662	10,641,833	15,214,265
Some other race			48,604	87,606	230,064	6,758,319	9,804,847	15,359,073	19,107,368
Two or more races								6,826,228	9,009,073
Hispanic (of any race)		2,021,820	3,231,409	5,814,784	8,920,940	14,608,673	22,354,059	35,305,818	50,477,594
Non-Hispanic White		116,261,189	131,805,405	153,217,498	169,622,593	180,256,366	188,128,296	194,552,774	196,817,552
